<?xml version="1.0"?>
<opencv_storage>
<calibration_Time>"vie 17 feb 2017 15:54:11 CET"</calibration_Time>
<nrOfFrames>25</nrOfFrames>
<image_Width>640</image_Width>
<image_Height>480</image_Height>
<board_Width>9</board_Width>
<board_Height>6</board_Height>
<square_Size>54.</square_Size>
<FixAspectRatio>1.</FixAspectRatio>
<!-- flags:  +fix_aspectRatio +fix_principal_point +zero_tangent_dist -->
<flagValue>14</flagValue>
<Camera_Matrix type_id="opencv-matrix">
  <rows>3</rows>
  <cols>3</cols>
  <dt>d</dt>
  <data>
    5.4622394566388982e+02 0. 3.1950000000000000e+02 0.
    5.4622394566388982e+02 2.3950000000000000e+02 0. 0. 1.</data></Camera_Matrix>
<Distortion_Coefficients type_id="opencv-matrix">
  <rows>5</rows>
  <cols>1</cols>
  <dt>d</dt>
  <data>
    -4.8836761966921671e-01 3.1501939638755416e-01 0. 0.
    -1.2420121659155976e-01</data></Distortion_Coefficients>
<Avg_Reprojection_Error>5.4056029748127810e-01</Avg_Reprojection_Error>
<Per_View_Reprojection_Errors type_id="opencv-matrix">
  <rows>25</rows>
  <cols>1</cols>
  <dt>f</dt>
  <data>
    5.38806915e-01 5.20054817e-01 5.38475871e-01 5.36061347e-01
    5.39671540e-01 6.20534122e-01 6.20687366e-01 4.72773969e-01
    4.56600487e-01 3.54498386e-01 4.97406989e-01 5.18038511e-01
    4.63020414e-01 6.15302742e-01 5.80884278e-01 5.07316351e-01
    5.17391682e-01 5.83624721e-01 4.39221472e-01 6.69526935e-01
    4.65572268e-01 7.27599144e-01 5.75705111e-01 4.43820834e-01
    5.65857172e-01</data></Per_View_Reprojection_Errors>
<!-- a set of 6-tuples (rotation vector + translation vector) for each view -->
<Extrinsic_Parameters type_id="opencv-matrix">
  <rows>25</rows>
  <cols>6</cols>
  <dt>d</dt>
  <data>
    -1.9327494807956030e-01 2.5069782522717694e-03
    7.6701212049588435e-02 -2.4877165464524484e+02
    -1.1009737206855128e+02 6.7295063040682942e+02
    -3.4684473207743614e-02 -6.4450513603265092e-02
    1.4035223532650876e-02 -1.2448042850526340e+02
    -1.2752193349609477e+02 7.1782637995984533e+02
    1.2569443780111865e-02 -5.0776352641789570e-03
    5.8821494592014561e-03 -2.5117911434886917e+01
    -1.2690626666521173e+02 7.1792833453784215e+02
    -5.8105729438537191e-03 1.0687757204296907e-02
    -2.9956230487851801e-02 -3.4260590191582963e+01
    -1.9338091563831759e+02 7.1670972922733870e+02
    -8.2812259323689248e-03 2.1019795305674743e-02
    -3.4824783752470868e-02 -1.6658810438055099e+01
    -2.1369993353266804e+02 7.2265242664475602e+02
    5.4241616245322033e-02 4.6579831298293364e-02
    -4.1177510431239302e-02 -3.3650710816735021e+00
    -2.5324950744020313e+02 7.2413779483547569e+02
    6.7689078707951100e-02 6.9058761048285816e-02
    -4.7234958280291860e-02 1.0667852252675702e+01
    -2.9381404502360959e+02 7.5261355619322239e+02
    1.0068360101547599e-02 5.6129003733741065e-02
    -7.4397894603158418e-02 2.3692134136097373e+01
    9.4835501803313875e+01 8.3564210279982774e+02
    -1.6906366012567148e-01 1.0074159447350545e-01
    -1.3979617124410357e-01 3.3295568211791412e+01
    1.1249363740333978e+02 8.4331218298908561e+02
    -1.4614054815261482e-01 5.6674302984189781e-02
    6.0061017229660667e-02 6.2842243665265109e+01 4.7846757772942112e+01
    8.3024623546466250e+02 -1.3737930693345943e-01
    4.6170840794181017e-02 1.9937372255251329e-02
    -1.1014477202623847e+02 7.8158470859995788e+01
    8.2900890839301599e+02 -1.4771538357342637e-01
    4.8073193285709172e-02 4.2093602351975894e-02
    -1.8007738123069581e+02 6.9534390047194307e+01
    8.2977288041415250e+02 -3.1944176937548574e-01
    1.8262427228656078e-02 3.6144858331646657e-02
    -3.1210005599332970e+02 2.8515300384703126e+00
    7.2509854651091382e+02 -3.1914805336286260e-02
    -1.1411254390117136e-01 -4.3118930660198604e-02
    -3.2346172723259195e+02 1.8155594064662534e+01
    8.4261689940391693e+02 1.0369663468317324e-02
    -1.2078755235928577e-01 -1.0004154034836776e-01
    -3.2222207182974074e+02 5.0939906355438218e+01
    8.4425289431292435e+02 1.0086692158780518e-01
    -7.3209883234555573e-02 1.0972603930510290e-01
    -5.4136465017071123e+02 -4.1611883720416438e+02
    7.8849844492866384e+02 1.2992006358268840e-01
    -2.2055594189767411e-02 1.2932086614719945e-01
    -5.4443236410916450e+02 -4.2068435799453692e+02
    7.9847626334087465e+02 -3.8595002045508357e-02
    -7.4943054453431635e-02 -5.7769208879326767e-02
    -3.4085950625567818e+02 -2.9756111017443654e+01
    9.4703091651124282e+02 -4.6725677016487839e-02
    -1.0526516767933021e-01 -6.6349373825576638e-02
    -5.6914729360787408e+02 -1.1273382157314025e+02
    9.3647138432214524e+02 3.6820974390808475e-01 1.9031632901478893e-01
    7.1356488424395764e-02 9.8246736508342138e+01
    -6.7840417424826413e+01 8.8689783092082280e+02
    8.3481470389895951e-02 1.2527393487479516e-01 1.6290050099660919e-02
    1.7672282278207871e+02 -1.0672758898809157e+02
    9.8399458984105945e+02 3.2402192871217289e-02 1.5256411435935366e-01
    -2.4504780881482255e-01 1.5354528752329557e+00
    -1.3285600269729284e+02 9.8271071703915118e+02
    4.7572231868638654e-02 1.6214607476613885e-01
    -6.0178205083016822e-01 -1.1474551546200082e+02
    -1.0288233807302562e+02 9.7995902560090758e+02
    -7.6941698475739770e-02 -1.1717235335081925e-02
    -2.1054249237400616e-01 -1.0326282273678687e+02
    1.6490213110048049e+02 9.1420738670694413e+02
    -1.4766375157625972e-01 8.8483636777881378e-03
    -1.7615876518540649e-01 -2.0390557040483409e+02
    1.5845835396238232e+02 9.2647559036061568e+02</data></Extrinsic_Parameters>
