<?xml version="1.0"?>
<opencv_storage>
<calibration_Time>"vie 17 feb 2017 15:40:42 CET"</calibration_Time>
<nrOfFrames>25</nrOfFrames>
<image_Width>640</image_Width>
<image_Height>480</image_Height>
<board_Width>9</board_Width>
<board_Height>6</board_Height>
<square_Size>54.</square_Size>
<FixAspectRatio>1.</FixAspectRatio>
<!-- flags:  +fix_aspectRatio +fix_principal_point +zero_tangent_dist -->
<flagValue>14</flagValue>
<Camera_Matrix type_id="opencv-matrix">
  <rows>3</rows>
  <cols>3</cols>
  <dt>d</dt>
  <data>
    5.2713015278294063e+02 0. 3.1950000000000000e+02 0.
    5.2713015278294063e+02 2.3950000000000000e+02 0. 0. 1.</data></Camera_Matrix>
<Distortion_Coefficients type_id="opencv-matrix">
  <rows>5</rows>
  <cols>1</cols>
  <dt>d</dt>
  <data>
    -4.2034241814901929e-01 1.8436628876974639e-01 0. 0.
    4.9077696075107778e-02</data></Distortion_Coefficients>
<Avg_Reprojection_Error>6.0183001905836642e-01</Avg_Reprojection_Error>
<Per_View_Reprojection_Errors type_id="opencv-matrix">
  <rows>25</rows>
  <cols>1</cols>
  <dt>f</dt>
  <data>
    8.88189793e-01 5.10212243e-01 4.32691276e-01 5.64319491e-01
    6.21321023e-01 6.56982541e-01 5.57623327e-01 4.41113591e-01
    3.88819695e-01 5.84205210e-01 5.61804235e-01 7.27742553e-01
    3.76446486e-01 3.19070697e-01 3.25102508e-01 5.38622320e-01
    5.45692444e-01 3.04891139e-01 6.35390878e-01 5.81554949e-01
    8.68808866e-01 7.97479212e-01 1.05154681e+00 5.46452761e-01
    5.21588385e-01</data></Per_View_Reprojection_Errors>
<!-- a set of 6-tuples (rotation vector + translation vector) for each view -->
<Extrinsic_Parameters type_id="opencv-matrix">
  <rows>25</rows>
  <cols>6</cols>
  <dt>d</dt>
  <data>
    4.8080440023647592e-01 1.0404154017911278e-01 9.5363597827855209e-02
    -8.5366879226189397e+01 -2.5216822498507042e+02
    7.2079750263905089e+02 1.2917408145842155e-01
    -8.6310601267402212e-02 9.9696314516470805e-02
    -4.7747352856258949e+01 -3.1425759153592350e+02
    7.7188989891448034e+02 7.9579554267412242e-02
    -3.5622176379920822e-02 8.2911684658776658e-02
    -7.0697482357143727e+01 -3.4025873309007522e+02
    8.7748591899745111e+02 -2.6423978704021567e-02
    -6.7866594759028995e-02 1.6541088492006450e-01
    -1.4728155455538698e+02 -1.7195651561545921e+02
    8.0442800092047389e+02 1.0035121294368642e-01
    -3.5685853644326759e-01 -1.0109198062304205e-01
    -1.8323102245966155e+02 -1.4093964293662097e+02
    6.2320643680795854e+02 6.9582652649436616e-03 3.6063277173981778e-01
    1.5491871966390755e-01 2.1381518631841139e+01
    -2.4810801740840219e+02 8.3137050299755526e+02
    1.2051309299102399e-01 -2.9638746881536759e-01
    3.1810418449111570e-03 -3.4065644351600719e+02
    -2.1823462174658587e+02 7.4060771097304837e+02
    -1.5294203612798976e-01 -2.9176892313906616e-01
    -2.8435927301719420e-02 -3.6970048062151727e+02
    -2.4679887146346454e+02 7.7825948112175831e+02
    -3.3464854288952844e-01 -2.4817303714356689e-01
    -4.5064047714889310e-02 -3.8170600767102246e+02
    -2.5642703573668115e+02 8.0812104870419125e+02
    -3.2194918000371095e-02 2.1508373641399528e-02
    -2.5909789757103060e-02 -2.9971094147807770e+02
    -1.1219202034208352e+02 7.6080722157336174e+02
    -7.2020594064675258e-02 1.1215834041485743e-02
    1.4720889535237178e-05 -5.0343550158753686e+01
    -1.1019111702974884e+02 7.0300105211320897e+02
    -2.0351306138741435e-02 1.5122702056768864e-01
    2.4883415689862534e-02 -1.6397176048122137e+01
    -1.0660566460479231e+02 7.5452349165754924e+02
    -3.0222785325312973e-01 1.1066275481270730e-02
    2.3284122456208178e-01 -1.1774743623110950e+02
    -1.4605987310615018e+02 8.3244429039067290e+02
    -4.6246500138103275e-01 -2.2535218959448294e-02
    2.4747367529477635e-01 -1.3118586401307812e+02
    -1.6865664168653561e+02 8.6600695640560139e+02
    -4.9972190893090995e-01 -8.7391679067981773e-03
    2.4469263062445051e-01 -1.4093883266631207e+02
    -1.7293802084257214e+02 8.8084078616308580e+02
    6.6852281638976080e-02 -2.1988935142107635e-01
    1.1385551911597261e-01 -8.3268234829890474e+01
    -1.4640336844397729e+02 7.0575807514748931e+02
    8.7193796504675153e-02 -2.1520231327251560e-01
    1.1921436121118267e-01 -8.7848317201389477e+01
    -1.2962263466127951e+02 7.0965794336864019e+02
    -2.4265297946490999e-01 8.8486662426419879e-03
    3.6633167899421054e-01 -9.7672623256704725e+01
    -2.5155737978095937e+02 9.3013889409440208e+02
    -2.0272011204629958e-01 -1.6140887975482503e-02
    2.4853679122817701e-01 -1.0302583287063162e+02
    -1.1833642555985317e+02 6.5043126427494713e+02
    -3.8438035772882968e-02 -2.2815991973438321e-01
    1.0964604964761419e-01 -6.8063658123563258e+01
    -1.0608558048833190e+02 6.4825174820522216e+02
    1.3030286517086909e-01 -2.0879902324866556e-01
    -1.2792353697095883e-04 -4.0018722182880992e+02
    -1.7741939011464123e+02 7.1732231264988422e+02
    1.2924713447383970e-01 -4.3611163889695076e-01
    1.4203034345236620e-02 -3.6966308523529023e+02
    -1.5841025332107876e+02 5.9858362030145042e+02
    -6.7224349451278420e-02 -1.8120318621402257e-01
    8.4360296261733955e-02 -3.2035334186964116e+02
    -4.5960591475562168e+01 7.4417280104987344e+02
    -4.1584153915326449e-01 -4.2368983910143876e-02
    -7.7635245829829863e-02 -2.9434599298041252e+02
    5.0690844052215311e+01 7.2718963859483438e+02
    -3.2848713346746117e-01 -6.4032195858875027e-02
    -4.1025292560827403e-02 -2.8554894822179727e+02
    -5.7616823955594135e+01 7.2220034499464009e+02</data></Extrinsic_Parameters>
