<?xml version="1.0"?>
<opencv_storage>
<calibration_Time>"vie 17 feb 2017 15:48:55 CET"</calibration_Time>
<nrOfFrames>25</nrOfFrames>
<image_Width>640</image_Width>
<image_Height>480</image_Height>
<board_Width>9</board_Width>
<board_Height>6</board_Height>
<square_Size>54.</square_Size>
<FixAspectRatio>1.</FixAspectRatio>
<!-- flags:  +fix_aspectRatio +fix_principal_point +zero_tangent_dist -->
<flagValue>14</flagValue>
<Camera_Matrix type_id="opencv-matrix">
  <rows>3</rows>
  <cols>3</cols>
  <dt>d</dt>
  <data>
    3.0268211798567756e+02 0. 3.1950000000000000e+02 0.
    3.0268211798567756e+02 2.3950000000000000e+02 0. 0. 1.</data></Camera_Matrix>
<Distortion_Coefficients type_id="opencv-matrix">
  <rows>5</rows>
  <cols>1</cols>
  <dt>d</dt>
  <data>
    -1.5141508410463195e-01 2.5645712096971893e-02 0. 0.
    -3.7570682955695768e-03</data></Distortion_Coefficients>
<Avg_Reprojection_Error>2.3659085575337127e+00</Avg_Reprojection_Error>
<Per_View_Reprojection_Errors type_id="opencv-matrix">
  <rows>25</rows>
  <cols>1</cols>
  <dt>f</dt>
  <data>
    5.47201252e+00 3.04668635e-01 3.48208904e+00 3.72465253e+00
    5.48256683e+00 6.27316904e+00 2.93254018e+00 9.11201656e-01
    8.58618259e-01 5.09012520e-01 7.65222073e-01 5.79797626e-01
    3.20347399e-01 3.86727661e-01 2.87387609e-01 2.86050588e-01
    2.67367095e-01 3.31079215e-01 9.42554474e-01 2.65481651e-01
    4.95703399e-01 1.06331348e+00 2.69153506e-01 2.62434155e-01
    2.66049623e-01</data></Per_View_Reprojection_Errors>
<!-- a set of 6-tuples (rotation vector + translation vector) for each view -->
<Extrinsic_Parameters type_id="opencv-matrix">
  <rows>25</rows>
  <cols>6</cols>
  <dt>d</dt>
  <data>
    5.0367973210105144e-01 -4.1470317698620068e-01
    1.4733792569054149e-01 -6.8201376503746786e+01
    -5.6935013574894768e+01 9.7181636155001740e+02
    -1.5074302102284784e-01 2.5829076238637089e-02
    -6.9460312687625647e-02 -3.3147620161462675e+02
    -8.1820473779302432e+01 1.0607553887064605e+03
    -5.5307055956815926e-02 -5.8619954092199034e-01
    6.9662666581517790e-02 -2.6023210046661973e+02
    -8.5254590414690000e+01 9.6792989380189181e+02
    -5.6045527916833100e-02 2.7846571739376530e-01
    2.2153858598159915e-01 -8.9272886375739859e+02
    -2.4809805107530664e+02 1.0866840426512499e+03
    1.3539609181149892e-01 -1.5892161772669500e-02
    1.2278376609256472e-01 -1.0221418505782582e+03
    -4.5036630958236266e+01 9.7200640367024891e+02
    -6.3072649138251016e-02 -1.4041898829557664e-01
    7.6707407718934237e-02 -1.3083116233410267e+03
    4.1105553502472094e+02 1.0393983991541352e+03 7.5617361205800371e-02
    -1.3622977566821017e-02 8.7261446314914184e-02
    -4.3374492510225588e+02 4.3974062808621414e+02
    8.5939101708333396e+02 1.1108874011324651e-01 3.5411770024836448e-02
    1.7866294151067313e-01 -2.6241447932087357e+02
    1.4886033651692136e+02 7.9735407295106677e+02 1.4369067997704217e-03
    6.1480568648468792e-02 1.9995963456030388e-01
    -1.2841315923654560e+02 1.8767507193011588e+02
    8.0532809557000701e+02 7.7557616907087942e-02 6.6965770896797894e-02
    8.1432288653213322e-02 2.8614695090297062e+02 2.1177897024200831e+02
    7.8569950046119993e+02 1.1753250454401545e-01 1.8325058291314523e-02
    1.6494007088210264e-01 -1.7286128721999023e+02
    3.5004497110190806e+02 7.8364359186910144e+02 1.9472907011938191e-02
    -2.8421570608001288e-02 5.2905634226915944e-02
    -4.2449428581668406e+02 -6.3625254104318503e+02
    7.8015575389457888e+02 1.0536998913461103e-01
    -3.6792724398229497e-04 -1.0453114501928611e-01
    -8.0566713654035630e+02 -2.7803199446135244e+02
    7.8393290972218063e+02 8.0228316760927953e-02 2.8649880941582197e-02
    9.6222134869229425e-02 -1.1450532755201938e+02
    -8.4496113879587242e+01 7.9891064647092537e+02
    -1.8450734820681026e-02 -2.1502940494535477e-02
    2.1056507976175076e-01 -2.4654236081524138e+02
    -6.5422116649798204e+02 8.0103884709817066e+02
    -1.3463549230275106e-02 -2.6193824293754234e-02
    -4.9337486974245295e-02 -4.8103109048430304e+02
    -4.5512860837197849e+02 7.8828446485175846e+02
    4.8144015671965447e-02 4.4773331529199198e-02 4.2628823900712504e-01
    1.7399267160217411e+02 -2.3415564401961907e+02
    7.9976493655793081e+02 1.3069574420474844e-01 7.8796500255437135e-02
    3.7991614835450760e-01 4.4008907691316392e+02
    -4.8513008900342271e+02 7.7766683921361152e+02
    -9.4854776303481617e-03 1.2154944866497291e-01
    1.0357824966283716e-01 4.2160365764794932e+02 1.7869528151141768e+02
    8.1379641770778710e+02 8.5447712875974481e-04 3.0601228412901617e-02
    9.3388117483291955e-02 1.8833554480377538e+02 1.2982567802551645e+02
    7.9897966379370541e+02 1.2978535032868945e-02
    -3.3862226351772315e-02 -2.0946607830960740e-01
    -6.1217775300377150e+02 2.4449993625878756e+02
    7.7984016755753544e+02 1.5377371576399740e-01
    -8.6390651582848796e-02 -2.4690526714430169e-01
    -9.4753737996653001e+02 -5.3084329808488087e+02
    7.3774561871312801e+02 1.0951371271314156e-01 8.8674566849013909e-04
    -2.4909766577448325e-01 -6.7817861262422821e+02
    -4.7524279126728021e+02 7.8048937964664594e+02
    1.1106443518260568e-01 4.4483209109671519e-03
    -1.7757595291063275e-01 -6.7077363354532508e+02
    -4.9833497956771618e+02 7.8198045617521962e+02
    1.0935685274925777e-01 5.3293516800789796e-03
    -1.8985236821964535e-01 -6.6061478202480271e+02
    -4.9492272445900477e+02 7.8282757776040137e+02</data></Extrinsic_Parameters>
