<?xml version="1.0"?>
<opencv_storage>
<calibration_Time>"jue 20 abr 2017 10:02:45 CEST"</calibration_Time>
<nrOfFrames>25</nrOfFrames>
<image_Width>640</image_Width>
<image_Height>480</image_Height>
<board_Width>9</board_Width>
<board_Height>6</board_Height>
<square_Size>25.</square_Size>
<flagValue>0</flagValue>
<Camera_Matrix type_id="opencv-matrix">
  <rows>3</rows>
  <cols>3</cols>
  <dt>d</dt>
  <data>
    5.1670249219836171e+02 0. 3.2504960242479257e+02 0.
    5.1350961871468041e+02 2.6541557247555369e+02 0. 0. 1.</data></Camera_Matrix>
<Distortion_Coefficients type_id="opencv-matrix">
  <rows>5</rows>
  <cols>1</cols>
  <dt>d</dt>
  <data>
    -3.5136292040946693e-01 1.7685162745069535e-01
    -1.6575641495194314e-03 2.2544466608376687e-03
    -6.0818139715326486e-02</data></Distortion_Coefficients>
<Avg_Reprojection_Error>3.5295448544783953e-01</Avg_Reprojection_Error>
<Per_View_Reprojection_Errors type_id="opencv-matrix">
  <rows>25</rows>
  <cols>1</cols>
  <dt>f</dt>
  <data>
    4.34430093e-01 2.73988992e-01 4.14434701e-01 4.44661260e-01
    6.36627078e-01 4.89584655e-01 3.69655013e-01 3.81631374e-01
    2.11275131e-01 2.65296638e-01 2.79005736e-01 2.04156056e-01
    2.32617065e-01 2.53870219e-01 2.70616114e-01 3.36191773e-01
    2.53601402e-01 1.79301143e-01 2.67796546e-01 3.91385257e-01
    5.13621688e-01 4.32406455e-01 2.36454904e-01 3.16978544e-01
    2.93218374e-01</data></Per_View_Reprojection_Errors>
<!-- a set of 6-tuples (rotation vector + translation vector) for each view -->
<Extrinsic_Parameters type_id="opencv-matrix">
  <rows>25</rows>
  <cols>6</cols>
  <dt>d</dt>
  <data>
    -1.9105179086757643e-01 -2.4245994827077288e-02
    2.6592216841966613e-02 -1.0146172883340803e+02
    -3.7580816156880033e+01 3.1670456605758699e+02
    -7.2656356494665605e-02 4.2626570694735853e-03
    1.3482814336320335e-02 -1.0266528950802568e+02
    -5.2744218138160299e+01 2.2267812576629592e+02
    -9.3684892338447984e-02 7.6517332517269561e-03
    3.5384195894374429e-02 -1.3137224776905992e+02
    -6.6311108950661463e+01 2.1287993590248061e+02
    -1.4861636842039638e-01 -1.1330810300869474e-02
    7.8827230345025312e-02 -1.3609284693903965e+02
    -1.1964574048746171e+02 2.1863388858703311e+02
    -1.5795266074060593e-02 -3.6115349226744455e-02
    1.5661590153721158e-01 -4.7505422250344083e+01
    -1.1521920844630392e+02 2.1116349281350767e+02
    7.5080396311124663e-03 -4.1532209796024830e-02
    6.5101239237936329e-02 -4.4193126927691821e+01
    -7.6068866404055527e+01 2.2413724824881049e+02
    -2.3058784718268513e-02 -3.3806095373865995e-02
    7.1767216305267764e-02 -5.3937127654756850e+01
    -1.2680460383390430e+02 2.4468270541020289e+02
    -1.3997735365104323e-02 -4.5117101529373878e-02
    6.6114403602877861e-02 -3.5065997610585065e+01
    -1.2941051070053831e+02 2.4066857496621486e+02
    -7.2506590207201432e-02 -6.9246677114638999e-02
    5.3565991682506711e-02 -1.1345010500100284e+02
    -5.9014782071216231e+01 3.2236424178027880e+02
    -7.6108321899812661e-02 -5.0354290891668485e-02
    3.0285805066180609e-02 -8.1935662241564646e+00
    -4.5272728695281735e+01 3.2793816043929854e+02
    -9.9744199767473188e-02 -4.0378208603680334e-02
    9.3146882576562007e-02 -1.5136216507883933e+02
    -6.2264717113872727e+01 3.3344484640522512e+02
    -4.7488408553397338e-02 2.0230899268657548e-03
    3.8689716550186395e-02 -2.0561329781703509e+02
    -6.2861305715072007e+01 3.4746192519270562e+02
    -5.6409378136612884e-02 -3.9863674909813282e-02
    -3.3545884449573751e-02 -2.1032119933490759e+02
    -1.2806493327492609e+02 3.5861803582615767e+02
    -2.5818814921091345e-02 -2.5112560383940712e-02
    -3.4525007513436456e-02 -1.0901125033407439e+02
    -1.2675065795129105e+02 3.5949802882994743e+02
    -6.1540147994563942e-02 -5.2483888724604084e-02
    -6.5299352259254706e-02 4.2815544808176220e+01
    -1.5821038027368704e+02 3.6619309639598043e+02
    -3.3961200321572099e-02 4.7018200307605059e-03
    -7.6435592586748202e-02 -1.2059392301976283e+02
    -1.2781281318997608e+02 4.2186054535261820e+02
    -1.4172231173076314e-02 5.6960085539007506e-02
    2.1343552668803747e-02 -2.5384315283607137e+02
    -2.2667365093145116e+02 4.1911917313317707e+02
    -7.4749551426176439e-02 5.9387470932556813e-03
    4.8182651075946064e-03 -2.3787229956724059e+02
    1.2681554834658806e+01 3.7191992420002958e+02
    -7.9149084653708915e-02 3.1937037466969902e-02
    9.5044969374169008e-02 3.1015496724943102e+01
    -1.3497106299255908e+01 3.4796614102799981e+02
    9.7793666665000417e-02 3.0646308271953367e-02 1.1935531175832240e-02
    1.2085930333528355e+01 -9.8634818711540731e+01
    3.4573829778552681e+02 5.8445679406538241e-02 3.0792878805721787e-02
    3.8082708131836389e-02 -1.8269653965188579e+02
    -1.0828886817966885e+02 3.2232325691755096e+02
    2.2483579716228275e-02 -6.7113909967777496e-02
    4.6428377713288345e-02 -1.6440924075185109e+02
    -1.3434938747526664e+02 3.0258227307625179e+02
    1.1848601292249074e-01 -2.8015495589124129e-02
    7.0616192471249879e-03 -1.0833892507961427e+02
    -4.2743490593696698e+01 2.7531669929362386e+02
    2.3575008803486119e-01 -1.6873378624576035e-02
    2.7048407174530914e-02 -7.3257543521128014e+01
    -1.3813247351728219e+02 2.7426285378079797e+02
    2.3100805261833701e-01 -2.3080037275724531e-02
    2.2448634204125153e-02 -6.0448198237742893e+01
    -6.3196169062905327e+01 2.7497794443818975e+02</data></Extrinsic_Parameters>
