<?xml version="1.0"?>
<opencv_storage>
<calibration_Time>"jue 20 abr 2017 09:44:56 CEST"</calibration_Time>
<nrOfFrames>25</nrOfFrames>
<image_Width>640</image_Width>
<image_Height>480</image_Height>
<board_Width>9</board_Width>
<board_Height>6</board_Height>
<square_Size>25.</square_Size>
<flagValue>0</flagValue>
<Camera_Matrix type_id="opencv-matrix">
  <rows>3</rows>
  <cols>3</cols>
  <dt>d</dt>
  <data>
    5.1443791523637776e+02 0. 3.3817159243914995e+02 0.
    5.1187649565643738e+02 2.6311608531037109e+02 0. 0. 1.</data></Camera_Matrix>
<Distortion_Coefficients type_id="opencv-matrix">
  <rows>5</rows>
  <cols>1</cols>
  <dt>d</dt>
  <data>
    -3.5616714851087250e-01 1.8980846441081972e-01
    -2.4080814999425616e-03 -2.6088934379115722e-03
    -7.4457524071500636e-02</data></Distortion_Coefficients>
<Avg_Reprojection_Error>3.7590931473567274e-01</Avg_Reprojection_Error>
<Per_View_Reprojection_Errors type_id="opencv-matrix">
  <rows>25</rows>
  <cols>1</cols>
  <dt>f</dt>
  <data>
    9.55014050e-01 2.71395892e-01 3.02198023e-01 3.78591776e-01
    2.49492124e-01 2.44240820e-01 6.94946110e-01 3.60810161e-01
    3.77678484e-01 5.28208911e-01 3.62040281e-01 3.25624883e-01
    2.26995677e-01 2.49677867e-01 3.34017217e-01 2.27987543e-01
    2.21681148e-01 3.16111684e-01 2.75992453e-01 2.36905396e-01
    2.20685095e-01 2.29715839e-01 2.94105262e-01 2.06124052e-01
    3.59603554e-01</data></Per_View_Reprojection_Errors>
<!-- a set of 6-tuples (rotation vector + translation vector) for each view -->
<Extrinsic_Parameters type_id="opencv-matrix">
  <rows>25</rows>
  <cols>6</cols>
  <dt>d</dt>
  <data>
    -3.8533486689349922e-01 -5.8956507607686049e-03
    1.6687833827635746e-03 -1.0629413943888650e+02
    -5.9547220558716141e+01 3.3243685914835214e+02
    -1.0193990135091210e-01 -2.4219335509395697e-02
    -3.1536034955049842e-02 -4.3217631078274785e+01
    -6.3736970203353117e+01 2.9406172857621010e+02
    -1.1595821314278555e-01 -2.9492777799852099e-02
    -3.2538788579470138e-02 -2.0177159393390234e+01
    -7.4764844345206214e+01 2.8960333396639322e+02
    -1.3859982254889608e-01 -6.5406102844091180e-02
    -2.2356400113509950e-02 1.1866995356575757e+01
    -9.6246905240681684e+01 3.4527542076445394e+02
    -5.7214316089186611e-02 5.2063848836761224e-03
    -6.4266519522525765e-03 -1.5669146751813752e+00
    -1.7196289008921963e+02 3.1738330372988293e+02
    -5.9069888094075512e-02 8.1184940969152453e-03
    3.1686255160534700e-02 -5.2722358462085531e+01
    -1.6814615586318152e+02 3.1644706897164104e+02
    -2.3825937998920965e-01 -9.3377680716701397e-02
    2.0057184060936487e-02 -1.1035242587507514e+02
    -1.0210538797653443e+02 3.6985806459821021e+02
    -7.6472828990641076e-02 2.0268661086595054e-02
    1.6951840147762212e-03 -1.5868019974267054e+02
    -1.0654855929895503e+02 2.3881086655910235e+02
    -8.9467261643725898e-02 1.1444103683037511e-02
    -3.7637106757814572e-03 -1.4393739860520091e+02
    -1.0938265852104712e+02 2.3550801927884191e+02
    -8.2757902658018023e-02 -1.7657316962760867e-02
    7.9315392421099550e-03 -1.5024333458785424e+02
    -5.6606153586551002e+01 2.4176300584763402e+02
    -7.9521969384036231e-02 -3.0319659098346139e-02
    4.5295374539651339e-03 -1.6758134591126012e+02
    -3.4554282642127461e+01 2.3681770914382719e+02
    -7.9607849028639946e-02 -4.5523773630467661e-02
    -2.5429920785948034e-02 -1.1459229657697898e+02
    -3.1421686723466795e+01 2.3318222157896943e+02
    -1.0882606729029186e-01 -7.6271921573351789e-02
    -3.3879313152617316e-02 -8.8166448007469043e+01
    -1.5891575684691331e+01 2.5865552703232834e+02
    -1.4435856263942054e-01 -3.0361034647459765e-02
    -2.9928168743203136e-02 -4.5799542402124466e+01
    -2.0186542525190731e+01 2.6364959845755038e+02
    -6.3448621190289350e-02 3.4306784070855015e-03
    8.3207431732815560e-03 -4.2168612264127695e+01
    -1.3350866803545701e+01 2.7174018889537336e+02
    -1.1878213997857848e-01 1.4044106487444865e-02
    4.3548071214631716e-03 -1.0296250999157349e+01
    -1.0077591923548598e+01 3.0353846241101996e+02
    -1.3223964507974889e-01 7.9708139693360734e-03
    9.0767921550508491e-03 -1.1573795115317040e+01
    -5.5322498541360785e+00 2.9512367025038168e+02
    -1.3252886873559286e-01 4.4582576554862401e-03
    -5.1107146193530344e-02 -7.1533981888556497e+01
    -1.2611216655487267e+02 2.8984073345992272e+02
    -1.2525950413385215e-01 1.2719413245728813e-02
    2.1713829696373088e-02 -7.5070397825718246e+01
    -8.5449453478269106e+01 2.9584780126582484e+02
    -1.1083838026816496e-01 9.1473468393405086e-05
    -3.0771900064460771e-02 -4.5904643320408027e+01
    -8.5588370878898914e+01 2.9147820505838212e+02
    -1.1582193907088040e-01 3.6689730226305423e-02
    6.7216894612097552e-02 -2.7789180610484841e+01
    -1.5295688680011601e+01 2.8180512758767918e+02
    -1.1714822444656731e-01 3.7511344335046194e-02
    6.1953729080850846e-02 -1.1337022534417248e+02
    -1.1092316012117585e+02 2.9104684077784970e+02
    -1.0497997756890207e-01 4.6932347965124382e-02
    1.2441875562498694e-01 -1.5043742692016190e+02
    -1.1618496941998714e+02 3.3501179274888534e+02
    -7.9233144391009175e-02 9.1149835404262497e-02
    1.8417057891449098e-01 -1.9477026515817940e+02
    -1.6708028509747248e+02 3.7761963241407676e+02
    -3.6802856242065397e-02 1.0150171376795679e-01
    2.3816282133917044e-01 -2.5573660100073738e+02
    -2.2954986836783650e+02 3.8396840646503449e+02</data></Extrinsic_Parameters>
