<?xml version="1.0"?>
<opencv_storage>
<calibration_Time>"jue 20 abr 2017 09:31:36 CEST"</calibration_Time>
<nrOfFrames>25</nrOfFrames>
<image_Width>640</image_Width>
<image_Height>480</image_Height>
<board_Width>9</board_Width>
<board_Height>6</board_Height>
<square_Size>25.</square_Size>
<flagValue>0</flagValue>
<Camera_Matrix type_id="opencv-matrix">
  <rows>3</rows>
  <cols>3</cols>
  <dt>d</dt>
  <data>
    3.2905400277564581e+03 0. 3.4142135991154902e+02 0.
    3.1970977445371168e+03 2.3854912297989682e+02 0. 0. 1.</data></Camera_Matrix>
<Distortion_Coefficients type_id="opencv-matrix">
  <rows>5</rows>
  <cols>1</cols>
  <dt>d</dt>
  <data>
    -9.6300647615549266e+00 -1.7998288037322732e+02
    1.8007628469812381e-02 -6.6521895264692127e-02
    1.1325767892206484e+04</data></Distortion_Coefficients>
<Avg_Reprojection_Error>1.0010774093648924e+00</Avg_Reprojection_Error>
<Per_View_Reprojection_Errors type_id="opencv-matrix">
  <rows>25</rows>
  <cols>1</cols>
  <dt>f</dt>
  <data>
    1.57257450e+00 2.32463026e+00 3.18148524e-01 3.20330441e-01
    3.86227369e-01 8.21059048e-01 1.03165531e+00 5.53697169e-01
    4.90899235e-01 8.90544474e-01 8.95897567e-01 4.31202710e-01
    5.20178556e-01 7.73181379e-01 1.19945979e+00 4.83110845e-01
    5.09177685e-01 3.79916847e-01 4.95343834e-01 4.87232566e-01
    6.15513384e-01 5.49895167e-01 1.73852158e+00 1.13812101e+00
    2.08097982e+00</data></Per_View_Reprojection_Errors>
<!-- a set of 6-tuples (rotation vector + translation vector) for each view -->
<Extrinsic_Parameters type_id="opencv-matrix">
  <rows>25</rows>
  <cols>6</cols>
  <dt>d</dt>
  <data>
    -6.5481951843423636e-01 2.0285081346855649e-01
    2.7496056207121145e+00 1.1854415151011816e+02
    -2.7593842968322711e+01 4.0345270943365217e+03
    -5.0149776635686413e-03 -4.7163625224539230e-01
    3.0119691823970007e+00 1.0794764307911763e+02
    -3.5301193754538538e+01 3.2813204070717675e+03
    -5.2631534405981495e-01 -1.6722210829141888e-02
    3.0111020588668378e+00 3.7185094368702545e+02 1.1205263720552401e+02
    3.7159219589778713e+03 -4.3324710192789434e-01
    -1.7214065306263245e-02 3.1511495884576157e+00
    1.8149636734679157e+02 1.4897436739037948e+02 3.6062071703783881e+03
    -5.0629322848153202e-01 -3.2008436186464158e-02
    -2.9377468059905905e+00 -1.4394700442948906e+02
    1.7825647973655336e+02 3.6015751262379777e+03
    -7.1787688195270416e-01 -1.0905970629265015e-01
    -2.9703191999268652e+00 -2.0753947888964842e+02
    1.6002990922048025e+02 3.2702553082520485e+03 6.0568210340069761e-01
    -8.8145736337465128e-02 3.0056262046010334e+00
    -1.2372406594379255e+02 -5.7490125831355655e+01
    2.7751202984939096e+03 2.9512719002801913e-01 4.2269539073575037e-02
    2.9921589502867678e+00 8.4512158974853250e+01
    -3.9897280513789127e+01 2.9695938384823990e+03
    3.6221769728469033e-01 1.1428732908057944e-04 3.0169033371449419e+00
    8.5963289564158657e+01 9.7029002272183291e+01 2.5957535843522396e+03
    7.5897082684157791e-02 -7.0875326343590214e-02
    3.0027633653842334e+00 2.2975263427925356e+02 1.3052762174233877e+02
    2.4013457889312149e+03 -2.9586856544657553e-01
    -4.3535932603370270e-02 3.0444260875685578e+00
    1.2640087499757716e+02 1.4350445377476206e+02 2.1312567839858239e+03
    -3.2314760244824758e-01 -1.3752988444447247e-02
    2.9513609381787940e+00 2.1389799491978624e+02 6.9859737524829114e+01
    2.1111204582794817e+03 -2.7590492373163433e-01
    9.6825901531360059e-02 2.9804763034047701e+00 2.0798129390457797e+02
    -1.1357503934006882e+01 2.0601938281267521e+03
    -2.6693251332195039e-01 -1.0960820168399983e-01
    2.9619960049786975e+00 1.2617895036895329e+02
    -3.4198290470367802e+01 1.9977058622986960e+03
    3.2852153469827666e-01 -1.0582231494002900e-02
    3.0643514032941268e+00 6.8214839822080279e+01 4.3557688851869557e+01
    2.0147714893842312e+03 3.4908073578723881e-01 1.1884692769828460e-01
    3.0587042817725547e+00 -8.3612585996108972e+00
    -1.2830775281927352e+01 2.0706724726062175e+03
    3.7666028553416020e-01 2.1007393330027952e-02 3.0111743926857950e+00
    -4.4742471736978231e+01 5.2259892282317843e+01
    2.1934544862507828e+03 3.6833263969735541e-01 9.2347608948229368e-02
    3.0347330512894368e+00 -3.0148180132456517e+01
    4.9296237371430877e+01 2.1946332888206521e+03 4.2003410732047591e-01
    1.2023610663288088e-01 3.0302337044663248e+00
    -4.6741584595668392e+01 1.0976226040269783e+02
    2.2206300079897092e+03 -4.1839912434138044e-01
    -1.0526205552786391e-01 -3.1773077420764455e+00
    -5.6021316727352506e+01 1.4521414390763513e+02
    2.2232446401925240e+03 3.3302979342183214e-01 7.2421195503180269e-02
    3.0358391561003288e+00 4.5673462163982464e+01 1.5039529352758206e+02
    2.0589314726213133e+03 -4.0586211685241841e-01
    4.9184455767823973e-02 2.9910650692609639e+00 1.7718595439646606e+02
    1.1625198605650255e+02 1.9783052108643467e+03
    -4.9961119889661548e-01 2.0431109941750850e-01
    3.0421243325386538e+00 1.9389680443079294e+02 1.2820854505841100e+02
    1.8845482462539244e+03 3.5649783953886288e-01 9.4877603817312320e-02
    -3.1287178034736560e+00 1.8402403641519922e+02
    2.0935265097936174e+01 1.8469097244757181e+03 4.6613445855015151e-01
    1.0335007058508788e-01 -3.0835173362411208e+00
    7.8303021105894089e+01 3.9217505421253286e+01 1.9526898967907430e+03</data></Extrinsic_Parameters>
